<?xml version="1.0" encoding="UTF-8" standalone="no" ?>
<COLLADA xmlns="http://www.collada.org/2005/11/COLLADASchema" version="1.4.1">
    <asset>
        <contributor>
            <authoring_tool>Google SketchUp 8.0.14346</authoring_tool>
        </contributor>
        <created>2013-03-25T18:44:36Z</created>
        <modified>2013-03-25T18:44:36Z</modified>
        <unit meter="0.02539999969303608" name="inch" />
        <up_axis>Z_UP</up_axis>
    </asset>
    <library_visual_scenes>
        <visual_scene id="ID1">
            <node name="SketchUp">
                <node id="ID2" name="group_0">
                    <matrix>1 0 0 -34.3538267218405 0 1 0 -78.47975687249844 0 0 1 -1.4210854715202e-014 0 0 0 1</matrix>
                    <instance_geometry url="#ID189">
                        <bind_material>
                            <technique_common>
                                <instance_material symbol="Material2" target="#ID51">
                                    <bind_vertex_input semantic="UVSET0" input_semantic="TEXCOORD" input_set="0" />
                                </instance_material>
                            </technique_common>
                        </bind_material>
                    </instance_geometry>
                    <node id="ID3" name="group_1">
                        <matrix>-0.4861849601988382 0.2334453638559051 0.8420970529402406 32.05378504804909 -0.1167226819279525 -0.9723699203976768 0.2021696154949155 67.89651221186396 0.8660254037844388 -1.387778780781446e-017 0.4999999999999999 13.58473358759725 0 0 0 1</matrix>
                        <instance_geometry url="#ID50">
                            <bind_material>
                                <technique_common>
                                    <instance_material symbol="Material2" target="#ID51">
                                        <bind_vertex_input semantic="UVSET0" input_semantic="TEXCOORD" input_set="0" />
                                    </instance_material>
                                </technique_common>
                            </bind_material>
                        </instance_geometry>
                        <node id="ID4" name="instance_0">
                            <matrix>0.2588190451025204 0.9659258262890684 6.938893903907228e-018 30.00146464501551 -0.9659258262890684 0.2588190451025204 -6.938893903907228e-018 29.19129065684202 -8.498374721940737e-018 -4.906538933386801e-018 1 13.21670983279421 0 0 0 1</matrix>
                            <instance_node url="#ID5" />
                        </node>
                        <node id="ID46" name="instance_10">
                            <matrix>1 0 0 26.45443379021762 0 1 0 24.5687100486188 0 0 1 13.21670983279421 0 0 0 1</matrix>
                            <instance_node url="#ID5" />
                        </node>
                        <node id="ID47" name="instance_11">
                            <matrix>-0.102188358184517 0.9802470366983609 -0.1693318826908727 21.50966676470317 -0.9250616645166433 -0.0310438050596792 0.3785461649642142 26.69141938710788 0.365812050503056 0.1953254443524941 0.9099612708765414 11.70669640866498 0 0 0 1</matrix>
                            <instance_node url="#ID5" />
                        </node>
                        <node id="ID48" name="instance_12">
                            <matrix>-0.102188358184517 0.9802470366983609 -0.1693318826908727 21.50966676470317 0.8702419948474538 0.005628189116169316 -0.4925923201707442 20.42790084061933 -0.4819091302885609 -0.1976969158367304 -0.85362727206502 20.47689193951078 0 0 0 1</matrix>
                            <instance_node url="#ID5" />
                        </node>
                        <node id="ID49" name="instance_13">
                            <matrix>0.4710118812194093 -0.8821268660176682 0 18.31398236829255 0.8027012840757779 0.4286025700323643 -0.414693242656243 20.5429367231973 0.365812050503056 0.195325444352494 0.9099612708765414 11.70669640866498 0 0 0 1</matrix>
                            <instance_node url="#ID5" />
                        </node>
                    </node>
                    <node id="ID63" name="group_7">
                        <matrix>-0.9952273999818314 0 -0.09758289975914888 61.27316988367205 0 1 0 28.35966613579295 0.09758289975914888 0 -0.9952273999818314 74.35992645744507 0 0 0 1</matrix>
                        <instance_geometry url="#ID69">
                            <bind_material>
                                <technique_common>
                                    <instance_material symbol="Material2" target="#ID51">
                                        <bind_vertex_input semantic="UVSET0" input_semantic="TEXCOORD" input_set="0" />
                                    </instance_material>
                                </technique_common>
                            </bind_material>
                        </instance_geometry>
                        <node id="ID64" name="instance_0">
                            <matrix>0.2588190451025204 0.9659258262890684 6.938893903907228e-018 30.00146464501551 -0.9659258262890684 0.2588190451025204 -6.938893903907228e-018 29.19129065684202 -8.498374721940737e-018 -4.906538933386801e-018 1 13.21670983279421 0 0 0 1</matrix>
                            <instance_node url="#ID5" />
                        </node>
                        <node id="ID65" name="instance_10">
                            <matrix>1 0 0 26.45443379021762 0 1 0 24.5687100486188 0 0 1 13.21670983279421 0 0 0 1</matrix>
                            <instance_node url="#ID5" />
                        </node>
                        <node id="ID66" name="instance_11">
                            <matrix>-0.102188358184517 0.9802470366983609 -0.1693318826908727 21.50966676470317 -0.9250616645166433 -0.0310438050596792 0.3785461649642142 26.69141938710788 0.365812050503056 0.1953254443524941 0.9099612708765414 11.70669640866498 0 0 0 1</matrix>
                            <instance_node url="#ID5" />
                        </node>
                        <node id="ID67" name="instance_12">
                            <matrix>-0.102188358184517 0.9802470366983609 -0.1693318826908727 21.50966676470317 0.8702419948474538 0.005628189116169316 -0.4925923201707442 20.42790084061933 -0.4819091302885609 -0.1976969158367304 -0.85362727206502 20.47689193951078 0 0 0 1</matrix>
                            <instance_node url="#ID5" />
                        </node>
                        <node id="ID68" name="instance_13">
                            <matrix>0.4710118812194093 -0.8821268660176682 0 18.31398236829255 0.8027012840757779 0.4286025700323643 -0.414693242656243 20.5429367231973 0.365812050503056 0.195325444352494 0.9099612708765414 11.70669640866498 0 0 0 1</matrix>
                            <instance_node url="#ID5" />
                        </node>
                    </node>
                    <node id="ID77" name="group_8">
                        <matrix>0.6555457987893504 -0.7524149088957245 0.06427682755916907 58.78946603234788 -0.7488239334878584 -0.6586894601186804 -0.07342282863206066 73.01302353795015 0.09758289975914891 2.775557561562891e-017 -0.9952273999818313 59.55875364335699 0 0 0 1</matrix>
                        <instance_geometry url="#ID83">
                            <bind_material>
                                <technique_common>
                                    <instance_material symbol="Material2" target="#ID51">
                                        <bind_vertex_input semantic="UVSET0" input_semantic="TEXCOORD" input_set="0" />
                                    </instance_material>
                                </technique_common>
                            </bind_material>
                        </instance_geometry>
                        <node id="ID78" name="instance_14">
                            <matrix>0.2588190451025206 0.9659258262890684 0 30.0014646450155 -0.9659258262890684 0.2588190451025206 0 29.19129065684204 0 -0 1 13.21670983279421 0 0 0 1</matrix>
                            <instance_node url="#ID5" />
                        </node>
                        <node id="ID79" name="instance_15">
                            <matrix>1 0 0 26.45443379021761 0 1 0 24.56871004861879 0 0 1 13.21670983279423 0 0 0 1</matrix>
                            <instance_node url="#ID5" />
                        </node>
                        <node id="ID80" name="instance_16">
                            <matrix>-0.1021883581845167 0.9802470366983609 -0.1693318826908727 21.50966676470318 -0.9250616645166433 -0.03104380505967902 0.3785461649642141 26.69141938710792 0.3658120505030558 0.1953254443524939 0.9099612708765417 11.70669640866497 0 0 0 1</matrix>
                            <instance_node url="#ID5" />
                        </node>
                        <node id="ID81" name="instance_17">
                            <matrix>-0.102188358184517 0.9802470366983608 -0.1693318826908727 21.50966676470318 0.8702419948474538 0.005628189116169301 -0.4925923201707443 20.42790084061935 -0.481909130288561 -0.1976969158367304 -0.85362727206502 20.47689193951081 0 0 0 1</matrix>
                            <instance_node url="#ID5" />
                        </node>
                        <node id="ID82" name="instance_18">
                            <matrix>0.4710118812194093 -0.8821268660176684 1.110223024625156e-016 18.31398236829258 0.8027012840757781 0.4286025700323642 -0.4146932426562429 20.54293672319731 0.3658120505030559 0.1953254443524941 0.9099612708765414 11.70669640866495 0 0 0 1</matrix>
                            <instance_node url="#ID5" />
                        </node>
                    </node>
                    <node id="ID91" name="group_9">
                        <matrix>-0.4626235405687487 0.8853936257544159 -0.04536063475178323 35.59527366148768 0.881167996120054 0.4648420457246195 0.08639927742938255 30.36234280262462 0.09758289975914888 1.387778780781445e-017 -0.9952273999818314 59.55875364335701 0 0 0 1</matrix>
                        <instance_geometry url="#ID97">
                            <bind_material>
                                <technique_common>
                                    <instance_material symbol="Material2" target="#ID51">
                                        <bind_vertex_input semantic="UVSET0" input_semantic="TEXCOORD" input_set="0" />
                                    </instance_material>
                                </technique_common>
                            </bind_material>
                        </instance_geometry>
                        <node id="ID92" name="instance_0">
                            <matrix>0.2588190451025204 0.9659258262890684 6.938893903907228e-018 30.00146464501551 -0.9659258262890684 0.2588190451025204 -6.938893903907228e-018 29.19129065684202 -8.498374721940737e-018 -4.906538933386801e-018 1 13.21670983279421 0 0 0 1</matrix>
                            <instance_node url="#ID5" />
                        </node>
                        <node id="ID93" name="instance_10">
                            <matrix>1 0 0 26.45443379021762 0 1 0 24.5687100486188 0 0 1 13.21670983279421 0 0 0 1</matrix>
                            <instance_node url="#ID5" />
                        </node>
                        <node id="ID94" name="instance_11">
                            <matrix>-0.102188358184517 0.9802470366983609 -0.1693318826908727 21.50966676470317 -0.9250616645166433 -0.0310438050596792 0.3785461649642142 26.69141938710788 0.365812050503056 0.1953254443524941 0.9099612708765414 11.70669640866498 0 0 0 1</matrix>
                            <instance_node url="#ID5" />
                        </node>
                        <node id="ID95" name="instance_12">
                            <matrix>-0.102188358184517 0.9802470366983609 -0.1693318826908727 21.50966676470317 0.8702419948474538 0.005628189116169316 -0.4925923201707442 20.42790084061933 -0.4819091302885609 -0.1976969158367304 -0.85362727206502 20.47689193951078 0 0 0 1</matrix>
                            <instance_node url="#ID5" />
                        </node>
                        <node id="ID96" name="instance_13">
                            <matrix>0.4710118812194093 -0.8821268660176682 0 18.31398236829255 0.8027012840757779 0.4286025700323643 -0.414693242656243 20.5429367231973 0.365812050503056 0.195325444352494 0.9099612708765414 11.70669640866498 0 0 0 1</matrix>
                            <instance_node url="#ID5" />
                        </node>
                    </node>
                    <node id="ID105" name="group_10">
                        <matrix>1 0 0 40.15460621229394 0 1 0 29.09616373816983 0 0 1 26.51980375292665 0 0 0 1</matrix>
                        <instance_geometry url="#ID111">
                            <bind_material>
                                <technique_common>
                                    <instance_material symbol="Material2" target="#ID51">
                                        <bind_vertex_input semantic="UVSET0" input_semantic="TEXCOORD" input_set="0" />
                                    </instance_material>
                                </technique_common>
                            </bind_material>
                        </instance_geometry>
                        <node id="ID106" name="instance_0">
                            <matrix>0.2588190451025204 0.9659258262890684 6.938893903907228e-018 30.00146464501551 -0.9659258262890684 0.2588190451025204 -6.938893903907228e-018 29.19129065684202 -8.498374721940737e-018 -4.906538933386801e-018 1 13.21670983279421 0 0 0 1</matrix>
                            <instance_node url="#ID5" />
                        </node>
                        <node id="ID107" name="instance_10">
                            <matrix>1 0 0 26.45443379021762 0 1 0 24.5687100486188 0 0 1 13.21670983279421 0 0 0 1</matrix>
                            <instance_node url="#ID5" />
                        </node>
                        <node id="ID108" name="instance_11">
                            <matrix>-0.102188358184517 0.9802470366983609 -0.1693318826908727 21.50966676470317 -0.9250616645166433 -0.0310438050596792 0.3785461649642142 26.69141938710788 0.365812050503056 0.1953254443524941 0.9099612708765414 11.70669640866498 0 0 0 1</matrix>
                            <instance_node url="#ID5" />
                        </node>
                        <node id="ID109" name="instance_12">
                            <matrix>-0.102188358184517 0.9802470366983609 -0.1693318826908727 21.50966676470317 0.8702419948474538 0.005628189116169316 -0.4925923201707442 20.42790084061933 -0.4819091302885609 -0.1976969158367304 -0.85362727206502 20.47689193951078 0 0 0 1</matrix>
                            <instance_node url="#ID5" />
                        </node>
                        <node id="ID110" name="instance_13">
                            <matrix>0.4710118812194093 -0.8821268660176682 0 18.31398236829255 0.8027012840757779 0.4286025700323643 -0.414693242656243 20.5429367231973 0.365812050503056 0.195325444352494 0.9099612708765414 11.70669640866498 0 0 0 1</matrix>
                            <instance_node url="#ID5" />
                        </node>
                    </node>
                    <node id="ID119" name="group_11">
                        <matrix>0.4999999999999999 0 -0.8660254037844387 62.786671500159 0 1 0 29.09616373816983 0.8660254037844387 -0 0.4999999999999999 28.38590640168531 0 0 0 1</matrix>
                        <instance_geometry url="#ID125">
                            <bind_material>
                                <technique_common>
                                    <instance_material symbol="Material2" target="#ID51">
                                        <bind_vertex_input semantic="UVSET0" input_semantic="TEXCOORD" input_set="0" />
                                    </instance_material>
                                </technique_common>
                            </bind_material>
                        </instance_geometry>
                        <node id="ID120" name="instance_0">
                            <matrix>0.2588190451025204 0.9659258262890684 6.938893903907228e-018 30.00146464501551 -0.9659258262890684 0.2588190451025204 -6.938893903907228e-018 29.19129065684202 -8.498374721940737e-018 -4.906538933386801e-018 1 13.21670983279421 0 0 0 1</matrix>
                            <instance_node url="#ID5" />
                        </node>
                        <node id="ID121" name="instance_10">
                            <matrix>1 0 0 26.45443379021762 0 1 0 24.5687100486188 0 0 1 13.21670983279421 0 0 0 1</matrix>
                            <instance_node url="#ID5" />
                        </node>
                        <node id="ID122" name="instance_11">
                            <matrix>-0.102188358184517 0.9802470366983609 -0.1693318826908727 21.50966676470317 -0.9250616645166433 -0.0310438050596792 0.3785461649642142 26.69141938710788 0.365812050503056 0.1953254443524941 0.9099612708765414 11.70669640866498 0 0 0 1</matrix>
                            <instance_node url="#ID5" />
                        </node>
                        <node id="ID123" name="instance_12">
                            <matrix>-0.102188358184517 0.9802470366983609 -0.1693318826908727 21.50966676470317 0.8702419948474538 0.005628189116169316 -0.4925923201707442 20.42790084061933 -0.4819091302885609 -0.1976969158367304 -0.85362727206502 20.47689193951078 0 0 0 1</matrix>
                            <instance_node url="#ID5" />
                        </node>
                        <node id="ID124" name="instance_13">
                            <matrix>0.4710118812194093 -0.8821268660176682 0 18.31398236829255 0.8027012840757779 0.4286025700323643 -0.414693242656243 20.5429367231973 0.365812050503056 0.195325444352494 0.9099612708765414 11.70669640866498 0 0 0 1</matrix>
                            <instance_node url="#ID5" />
                        </node>
                    </node>
                    <node id="ID133" name="group_12">
                        <matrix>-0.3551069624081374 0 -0.9348256763960143 71.46797154272667 0 1 0 29.09616373816983 0.9348256763960143 0 -0.3551069624081374 44.79716051542251 0 0 0 1</matrix>
                        <instance_geometry url="#ID139">
                            <bind_material>
                                <technique_common>
                                    <instance_material symbol="Material2" target="#ID51">
                                        <bind_vertex_input semantic="UVSET0" input_semantic="TEXCOORD" input_set="0" />
                                    </instance_material>
                                </technique_common>
                            </bind_material>
                        </instance_geometry>
                        <node id="ID134" name="instance_0">
                            <matrix>0.2588190451025204 0.9659258262890684 6.938893903907228e-018 30.00146464501551 -0.9659258262890684 0.2588190451025204 -6.938893903907228e-018 29.19129065684202 -8.498374721940737e-018 -4.906538933386801e-018 1 13.21670983279421 0 0 0 1</matrix>
                            <instance_node url="#ID5" />
                        </node>
                        <node id="ID135" name="instance_10">
                            <matrix>1 0 0 26.45443379021762 0 1 0 24.5687100486188 0 0 1 13.21670983279421 0 0 0 1</matrix>
                            <instance_node url="#ID5" />
                        </node>
                        <node id="ID136" name="instance_11">
                            <matrix>-0.102188358184517 0.9802470366983609 -0.1693318826908727 21.50966676470317 -0.9250616645166433 -0.0310438050596792 0.3785461649642142 26.69141938710788 0.365812050503056 0.1953254443524941 0.9099612708765414 11.70669640866498 0 0 0 1</matrix>
                            <instance_node url="#ID5" />
                        </node>
                        <node id="ID137" name="instance_12">
                            <matrix>-0.102188358184517 0.9802470366983609 -0.1693318826908727 21.50966676470317 0.8702419948474538 0.005628189116169316 -0.4925923201707442 20.42790084061933 -0.4819091302885609 -0.1976969158367304 -0.85362727206502 20.47689193951078 0 0 0 1</matrix>
                            <instance_node url="#ID5" />
                        </node>
                        <node id="ID138" name="instance_13">
                            <matrix>0.4710118812194093 -0.8821268660176682 0 18.31398236829255 0.8027012840757779 0.4286025700323643 -0.414693242656243 20.5429367231973 0.365812050503056 0.195325444352494 0.9099612708765414 11.70669640866498 0 0 0 1</matrix>
                            <instance_node url="#ID5" />
                        </node>
                    </node>
                    <node id="ID147" name="group_13">
                        <matrix>0.4999999999999999 0 -0.8660254037844387 62.78667150015901 0 1 0 29.09616373816983 0.8660254037844387 -0 0.4999999999999999 13.58473358759725 0 0 0 1</matrix>
                        <instance_geometry url="#ID153">
                            <bind_material>
                                <technique_common>
                                    <instance_material symbol="Material2" target="#ID51">
                                        <bind_vertex_input semantic="UVSET0" input_semantic="TEXCOORD" input_set="0" />
                                    </instance_material>
                                </technique_common>
                            </bind_material>
                        </instance_geometry>
                        <node id="ID148" name="instance_0">
                            <matrix>0.2588190451025204 0.9659258262890684 6.938893903907228e-018 30.00146464501551 -0.9659258262890684 0.2588190451025204 -6.938893903907228e-018 29.19129065684202 -8.498374721940737e-018 -4.906538933386801e-018 1 13.21670983279421 0 0 0 1</matrix>
                            <instance_node url="#ID5" />
                        </node>
                        <node id="ID149" name="instance_10">
                            <matrix>1 0 0 26.45443379021762 0 1 0 24.5687100486188 0 0 1 13.21670983279421 0 0 0 1</matrix>
                            <instance_node url="#ID5" />
                        </node>
                        <node id="ID150" name="instance_11">
                            <matrix>-0.102188358184517 0.9802470366983609 -0.1693318826908727 21.50966676470317 -0.9250616645166433 -0.0310438050596792 0.3785461649642142 26.69141938710788 0.365812050503056 0.1953254443524941 0.9099612708765414 11.70669640866498 0 0 0 1</matrix>
                            <instance_node url="#ID5" />
                        </node>
                        <node id="ID151" name="instance_12">
                            <matrix>-0.102188358184517 0.9802470366983609 -0.1693318826908727 21.50966676470317 0.8702419948474538 0.005628189116169316 -0.4925923201707442 20.42790084061933 -0.4819091302885609 -0.1976969158367304 -0.85362727206502 20.47689193951078 0 0 0 1</matrix>
                            <instance_node url="#ID5" />
                        </node>
                        <node id="ID152" name="instance_13">
                            <matrix>0.4710118812194093 -0.8821268660176682 0 18.31398236829255 0.8027012840757779 0.4286025700323643 -0.414693242656243 20.5429367231973 0.365812050503056 0.195325444352494 0.9099612708765414 11.70669640866498 0 0 0 1</matrix>
                            <instance_node url="#ID5" />
                        </node>
                    </node>
                    <node id="ID161" name="group_14">
                        <matrix>-0.4626235405687487 0.8853936257544159 -0.04536063475178323 35.59527366148767 0.881167996120054 0.4648420457246195 0.08639927742938255 30.36234280262462 0.09758289975914888 1.387778780781445e-017 -0.9952273999818314 74.35992645744507 0 0 0 1</matrix>
                        <instance_geometry url="#ID167">
                            <bind_material>
                                <technique_common>
                                    <instance_material symbol="Material2" target="#ID51">
                                        <bind_vertex_input semantic="UVSET0" input_semantic="TEXCOORD" input_set="0" />
                                    </instance_material>
                                </technique_common>
                            </bind_material>
                        </instance_geometry>
                        <node id="ID162" name="instance_0">
                            <matrix>0.2588190451025204 0.9659258262890684 6.938893903907228e-018 30.00146464501551 -0.9659258262890684 0.2588190451025204 -6.938893903907228e-018 29.19129065684202 -8.498374721940737e-018 -4.906538933386801e-018 1 13.21670983279421 0 0 0 1</matrix>
                            <instance_node url="#ID5" />
                        </node>
                        <node id="ID163" name="instance_10">
                            <matrix>1 0 0 26.45443379021762 0 1 0 24.5687100486188 0 0 1 13.21670983279421 0 0 0 1</matrix>
                            <instance_node url="#ID5" />
                        </node>
                        <node id="ID164" name="instance_11">
                            <matrix>-0.102188358184517 0.9802470366983609 -0.1693318826908727 21.50966676470317 -0.9250616645166433 -0.0310438050596792 0.3785461649642142 26.69141938710788 0.365812050503056 0.1953254443524941 0.9099612708765414 11.70669640866498 0 0 0 1</matrix>
                            <instance_node url="#ID5" />
                        </node>
                        <node id="ID165" name="instance_12">
                            <matrix>-0.102188358184517 0.9802470366983609 -0.1693318826908727 21.50966676470317 0.8702419948474538 0.005628189116169316 -0.4925923201707442 20.42790084061933 -0.4819091302885609 -0.1976969158367304 -0.85362727206502 20.47689193951078 0 0 0 1</matrix>
                            <instance_node url="#ID5" />
                        </node>
                        <node id="ID166" name="instance_13">
                            <matrix>0.4710118812194093 -0.8821268660176682 0 18.31398236829255 0.8027012840757779 0.4286025700323643 -0.414693242656243 20.5429367231973 0.365812050503056 0.195325444352494 0.9099612708765414 11.70669640866498 0 0 0 1</matrix>
                            <instance_node url="#ID5" />
                        </node>
                    </node>
                    <node id="ID175" name="group_15">
                        <matrix>-0.03994025953878943 -0.9991943951144461 -0.003916176687859708 72.97487241855546 -0.9944256399261688 0.04013179253255946 -0.09750428649835639 60.09797933229876 0.0975828997591489 -1.734723475976807e-018 -0.9952273999818314 74.35992645744507 0 0 0 1</matrix>
                        <instance_geometry url="#ID181">
                            <bind_material>
                                <technique_common>
                                    <instance_material symbol="Material2" target="#ID51">
                                        <bind_vertex_input semantic="UVSET0" input_semantic="TEXCOORD" input_set="0" />
                                    </instance_material>
                                </technique_common>
                            </bind_material>
                        </instance_geometry>
                        <node id="ID176" name="instance_0">
                            <matrix>0.2588190451025204 0.9659258262890684 6.938893903907228e-018 30.00146464501551 -0.9659258262890684 0.2588190451025204 -6.938893903907228e-018 29.19129065684202 -8.498374721940737e-018 -4.906538933386801e-018 1 13.21670983279421 0 0 0 1</matrix>
                            <instance_node url="#ID5" />
                        </node>
                        <node id="ID177" name="instance_10">
                            <matrix>1 0 0 26.45443379021762 0 1 0 24.5687100486188 0 0 1 13.21670983279421 0 0 0 1</matrix>
                            <instance_node url="#ID5" />
                        </node>
                        <node id="ID178" name="instance_11">
                            <matrix>-0.102188358184517 0.9802470366983609 -0.1693318826908727 21.50966676470317 -0.9250616645166433 -0.0310438050596792 0.3785461649642142 26.69141938710788 0.365812050503056 0.1953254443524941 0.9099612708765414 11.70669640866498 0 0 0 1</matrix>
                            <instance_node url="#ID5" />
                        </node>
                        <node id="ID179" name="instance_12">
                            <matrix>-0.102188358184517 0.9802470366983609 -0.1693318826908727 21.50966676470317 0.8702419948474538 0.005628189116169316 -0.4925923201707442 20.42790084061933 -0.4819091302885609 -0.1976969158367304 -0.85362727206502 20.47689193951078 0 0 0 1</matrix>
                            <instance_node url="#ID5" />
                        </node>
                        <node id="ID180" name="instance_13">
                            <matrix>0.4710118812194093 -0.8821268660176682 0 18.31398236829255 0.8027012840757779 0.4286025700323643 -0.414693242656243 20.5429367231973 0.365812050503056 0.195325444352494 0.9099612708765414 11.70669640866498 0 0 0 1</matrix>
                            <instance_node url="#ID5" />
                        </node>
                    </node>
                </node>
            </node>
        </visual_scene>
    </library_visual_scenes>
    <library_nodes>
        <node id="ID5" name="Component_2">
            <instance_geometry url="#ID40">
                <bind_material>
                    <technique_common>
                        <instance_material symbol="Material2" target="#ID41">
                            <bind_vertex_input semantic="UVSET0" input_semantic="TEXCOORD" input_set="0" />
                        </instance_material>
                    </technique_common>
                </bind_material>
            </instance_geometry>
            <node id="ID6" name="group_2">
                <matrix>0.5807029557109391 -0.8141155183563198 0 12.93062698064786 0.8141155183563198 0.5807029557109391 0 6.573629945210872 -0 0 1 -8.881784197001252e-016 0 0 0 1</matrix>
                <node id="ID7" name="instance_1">
                    <matrix>-1.282415755170437e-015 0.9477684100095858 0.31895930929807 6.935073299456352e-015 -1 -1.353089786098132e-015 0 7.610003205797733 4.315805835921332e-016 -0.31895930929807 0.9477684100095858 2.672562553785227 0 0 0 1</matrix>
                    <instance_node url="#ID8" />
                </node>
                <node id="ID22" name="instance_2">
                    <matrix>-1.249000902703301e-015 0.9477684100095858 0.3189593092980698 6.935073299456352e-015 0.6704266189587991 0.2366601017534379 -0.703221263066985 1.593204026992587 -0.7419758409756165 0.2138388113181379 -0.6354091706786836 5.345125107570446 0 0 0 1</matrix>
                    <instance_node url="#ID8" />
                </node>
                <node id="ID23" name="instance_3">
                    <matrix>-1.27675647831893e-015 0.9477684100095857 0.3189593092980699 6.935073299456352e-015 0.9777832367586063 -0.06685979203985587 0.19866985207185 0.4861197500843964 0.2096185629038219 0.3118730658397564 -0.9267120636367304 1.917526215865647 0 0 0 1</matrix>
                    <instance_node url="#ID8" />
                </node>
            </node>
            <node id="ID24" name="group_3">
                <matrix>0.1925219665259066 -0.9812926639922455 0 7.467640318806788 0.9812926639922455 0.1925219665259066 0 12.86008099637947 -0 0 1 1.554312234475219e-014 0 0 0 1</matrix>
                <node id="ID25" name="instance_1">
                    <matrix>-1.282415755170437e-015 0.9477684100095858 0.31895930929807 6.935073299456352e-015 -1 -1.353089786098132e-015 0 7.610003205797733 4.315805835921332e-016 -0.31895930929807 0.9477684100095858 2.672562553785227 0 0 0 1</matrix>
                    <instance_node url="#ID8" />
                </node>
                <node id="ID26" name="instance_2">
                    <matrix>-1.249000902703301e-015 0.9477684100095858 0.3189593092980698 6.935073299456352e-015 0.6704266189587991 0.2366601017534379 -0.703221263066985 1.593204026992587 -0.7419758409756165 0.2138388113181379 -0.6354091706786836 5.345125107570446 0 0 0 1</matrix>
                    <instance_node url="#ID8" />
                </node>
                <node id="ID27" name="instance_3">
                    <matrix>-1.27675647831893e-015 0.9477684100095857 0.3189593092980699 6.935073299456352e-015 0.9777832367586063 -0.06685979203985587 0.19866985207185 0.4861197500843964 0.2096185629038219 0.3118730658397564 -0.9267120636367304 1.917526215865647 0 0 0 1</matrix>
                    <instance_node url="#ID8" />
                </node>
            </node>
            <node id="ID28" name="group_4">
                <matrix>0.4210358133674904 -0.9070440142914654 0 23.38864054032417 0.9070440142914654 0.4210358133674904 0 9.207394573396838 -0 0 1 1.243449787580175e-014 0 0 0 1</matrix>
                <node id="ID29" name="instance_1">
                    <matrix>-1.282415755170437e-015 0.9477684100095858 0.31895930929807 6.935073299456352e-015 -1 -1.353089786098132e-015 0 7.610003205797733 4.315805835921332e-016 -0.31895930929807 0.9477684100095858 2.672562553785227 0 0 0 1</matrix>
                    <instance_node url="#ID8" />
                </node>
                <node id="ID30" name="instance_2">
                    <matrix>-1.249000902703301e-015 0.9477684100095858 0.3189593092980698 6.935073299456352e-015 0.6704266189587991 0.2366601017534379 -0.703221263066985 1.593204026992587 -0.7419758409756165 0.2138388113181379 -0.6354091706786836 5.345125107570446 0 0 0 1</matrix>
                    <instance_node url="#ID8" />
                </node>
                <node id="ID31" name="instance_3">
                    <matrix>-1.27675647831893e-015 0.9477684100095857 0.3189593092980699 6.935073299456352e-015 0.9777832367586063 -0.06685979203985587 0.19866985207185 0.4861197500843964 0.2096185629038219 0.3118730658397564 -0.9267120636367304 1.917526215865647 0 0 0 1</matrix>
                    <instance_node url="#ID8" />
                </node>
            </node>
            <node id="ID32" name="group_5">
                <matrix>0.580702955710939 -0.8141155183563198 -1.387778780781445e-017 17.87804704311612 0.8141155183563198 0.580702955710939 0 4.050171377300835 8.058872398727086e-018 -1.129812241479788e-017 1 1.465494392505207e-014 0 0 0 1</matrix>
                <node id="ID33" name="instance_4">
                    <matrix>-1.281113577263224e-015 0.9477684100095858 0.3189593092980699 1.332267629550188e-014 -1 -1.351715845066272e-015 0 7.610003205797735 4.311423523095949e-016 -0.3189593092980699 0.9477684100095858 2.672562553785235 0 0 0 1</matrix>
                    <instance_node url="#ID8" />
                </node>
                <node id="ID34" name="instance_5">
                    <matrix>-1.443289932012704e-015 0.9477684100095858 0.3189593092980699 1.332267629550188e-014 0.6704266189587992 0.2366601017534381 -0.703221263066985 1.593204026992588 -0.7419758409756165 0.2138388113181378 -0.6354091706786837 5.345125107570453 0 0 0 1</matrix>
                    <instance_node url="#ID8" />
                </node>
                <node id="ID35" name="instance_6">
                    <matrix>-1.214306433183765e-015 0.9477684100095857 0.31895930929807 5.329070518200751e-015 0.9777832367586063 -0.06685979203985594 0.19866985207185 0.4861197500844057 0.209618562903822 0.3118730658397564 -0.9267120636367304 1.917526215865647 0 0 0 1</matrix>
                    <instance_node url="#ID8" />
                </node>
            </node>
            <node id="ID36" name="group_6">
                <matrix>1 0 0 21.83711596693426 0 1 0 0.4425084953402632 0 0 1 1.731947918415244e-014 0 0 0 1</matrix>
                <node id="ID37" name="instance_7">
                    <matrix>-1.282415755170437e-015 0.9477684100095858 0.31895930929807 7.105427357601002e-015 -1 -1.353089786098132e-015 0 7.610003205797735 4.315805835921332e-016 -0.31895930929807 0.9477684100095858 2.672562553785227 0 0 0 1</matrix>
                    <instance_node url="#ID8" />
                </node>
                <node id="ID38" name="instance_8">
                    <matrix>-1.249000902703301e-015 0.9477684100095858 0.3189593092980698 7.105427357601002e-015 0.6704266189587991 0.2366601017534379 -0.703221263066985 1.593204026992588 -0.7419758409756165 0.2138388113181379 -0.6354091706786836 5.345125107570446 0 0 0 1</matrix>
                    <instance_node url="#ID8" />
                </node>
                <node id="ID39" name="instance_9">
                    <matrix>-1.27675647831893e-015 0.9477684100095857 0.3189593092980699 7.105427357601002e-015 0.9777832367586063 -0.06685979203985587 0.19866985207185 0.4861197500843986 0.2096185629038219 0.3118730658397564 -0.9267120636367304 1.917526215865649 0 0 0 1</matrix>
                    <instance_node url="#ID8" />
                </node>
            </node>
        </node>
        <node id="ID8" name="Component_1">
            <instance_geometry url="#ID9">
                <bind_material>
                    <technique_common>
                        <instance_material symbol="Material2" target="#ID10">
                            <bind_vertex_input semantic="UVSET0" input_semantic="TEXCOORD" input_set="0" />
                        </instance_material>
                    </technique_common>
                </bind_material>
            </instance_geometry>
        </node>
    </library_nodes>
    <library_geometries>
        <geometry id="ID9">
            <mesh>
                <source id="ID15">
                    <float_array id="ID19" count="24">7.203907206118995 7.105427357601002e-015 3.552713678800501e-015 0 7.270733803578352 3.552713678800501e-015 0 0 0 7.203907206118998 7.270733803578352 3.552713678800501e-015 7.203907206118998 7.270733803578352 3.552713678800501e-015 7.203907206118995 7.105427357601002e-015 3.552713678800501e-015 0 7.270733803578352 3.552713678800501e-015 0 0 0</float_array>
                    <technique_common>
                        <accessor count="8" source="#ID19" stride="3">
                            <param name="X" type="float" />
                            <param name="Y" type="float" />
                            <param name="Z" type="float" />
                        </accessor>
                    </technique_common>
                </source>
                <source id="ID16">
                    <float_array id="ID20" count="24">9.100269767991461e-018 0 1 9.100269767991461e-018 0 1 9.100269767991461e-018 0 1 9.100269767991461e-018 0 1 -9.100269767991461e-018 -0 -1 -9.100269767991461e-018 -0 -1 -9.100269767991461e-018 -0 -1 -9.100269767991461e-018 -0 -1</float_array>
                    <technique_common>
                        <accessor count="8" source="#ID20" stride="3">
                            <param name="X" type="float" />
                            <param name="Y" type="float" />
                            <param name="Z" type="float" />
                        </accessor>
                    </technique_common>
                </source>
                <source id="ID18">
                    <float_array id="ID21" count="8">0.9999999999999993 -1.100018768884116e-016 -5.602609697551793e-017 0.9999999999999979 5.475229501505467e-032 -9.772641317309676e-016 0.9999999999999997 0.9999999999999978</float_array>
                    <technique_common>
